%YAML:1.0
image_width: 1920
image_height: 1080
fx: 1738.06409
fy: 1736.96128
cx: 965.22200
cy: 666.61850
k1: -0.34592
k2: 0.16969
p1: -0.00279
p2: 0.00235
